[[ 1.          2.30323971  0.1         2.30286031  0.1       ]
 [ 2.          2.30270458  0.1         2.30250551  0.1       ]
 [ 3.          2.30244214  0.1         2.30230614  0.1       ]
 [ 4.          2.3022612   0.10006     2.30212788  0.1       ]
 [ 5.          2.30206412  0.11088     2.30189528  0.1394    ]
 [ 6.          2.30176879  0.13794     2.30150693  0.1465    ]
 [ 7.          2.30121352  0.14424     2.30069863  0.1836    ]
 [ 8.          2.29984459  0.1695      2.2983743   0.2084    ]
 [ 9.          2.29366653  0.1884      2.28179273  0.1888    ]
 [10.          2.19583965  0.20738     2.12556775  0.2495    ]
 [11.          2.07541235  0.26058     2.02638027  0.2876    ]
 [12.          1.9838401   0.2904      2.02574792  0.2602    ]
 [13.          1.8774628   0.32708     1.817733    0.3521    ]
 [14.          1.77479926  0.3618      1.72436268  0.3775    ]
 [15.          1.67690542  0.39534     1.66171524  0.4005    ]
 [16.          1.59099982  0.42368     1.54676566  0.441     ]
 [17.          1.53142854  0.44592     1.59999469  0.4218    ]
 [18.          1.48824406  0.4623      1.47143468  0.4721    ]
 [19.          1.44247418  0.47762     1.42791267  0.4792    ]
 [20.          1.40643444  0.49126     1.4036582   0.4883    ]
 [21.          1.36826431  0.50878     1.37105721  0.5087    ]
 [22.          1.33863783  0.51894     1.35181831  0.5086    ]
 [23.          1.30488272  0.53278     1.30837022  0.5308    ]
 [24.          1.27322479  0.54406     1.27412692  0.5427    ]
 [25.          1.23475431  0.55804     1.26738041  0.5488    ]
 [26.          1.20547234  0.57176     1.25799989  0.5489    ]
 [27.          1.16657353  0.58728     1.21982807  0.5632    ]
 [28.          1.13290614  0.59962     1.20587583  0.5702    ]
 [29.          1.10055716  0.61116     1.19550777  0.5726    ]
 [30.          1.06357791  0.62686     1.15507835  0.5869    ]
 [31.          1.03617481  0.63626     1.19623717  0.5767    ]
 [32.          1.00947262  0.64492     1.1216581   0.6013    ]
 [33.          0.97538277  0.6611      1.11327429  0.6062    ]
 [34.          0.94660276  0.66824     1.11174495  0.6124    ]
 [35.          0.91680891  0.67888     1.07624755  0.6198    ]
 [36.          0.88710206  0.68982     1.10295003  0.6193    ]
 [37.          0.85877008  0.69998     1.04765204  0.6325    ]
 [38.          0.83071095  0.71038     1.04757194  0.6417    ]
 [39.          0.80129134  0.72186     1.06566863  0.6361    ]
 [40.          0.77168297  0.7312      1.08100864  0.6272    ]
 [41.          0.74429635  0.73932     1.04210271  0.6476    ]
 [42.          0.71605097  0.74984     1.07946904  0.6352    ]
 [43.          0.68332656  0.76128     1.1027026   0.6385    ]
 [44.          0.65526465  0.77212     1.08420837  0.6444    ]
 [45.          0.62645576  0.77978     1.0971246   0.6458    ]
 [46.          0.59484499  0.7932      1.10240303  0.6408    ]
 [47.          0.55405771  0.8055      1.17096624  0.6349    ]
 [48.          0.52983525  0.81464     1.13990311  0.6475    ]
 [49.          0.49786331  0.82462     1.20735244  0.6379    ]
 [50.          0.46976947  0.83524     1.22341856  0.6372    ]]


 